Time (s),Voltage (V)
0,4.55034213098729
0.031189000003053,4.55522971652004
0.0651520000025698,4.49169110459433
0.0876819999963061,2.27272727272727
0.121428999997676,1.34897360703812
0.153887999996556,0.684261974584555
0.179325999997559,0.381231671554252
0.211037000000488,0.263929618768328
0.237144000001251,0.190615835777126
0.260854000002155,0.166177908113392
0.294565999999634,0.136852394916911
0.327368000000718,0.122189638318671
0.36039299999922,0.117302052785924
0.3923500000015,0.112414467253177
0.427053999997668,0.112414467253177
0.467888999998564,0.112414467253177
0.493300999999036,0.117302052785924
0.5173599999994,0.112414467253177
0.541891999997205,0.112414467253177
0.559806000001743,0.112414467253177
0.590685000002395,0.112414467253177
0.617108000002816,0.112414467253177
0.641094999998813,0.112414467253177
0.666721000000848,0.10752688172043
0.690879000000649,0.112414467253177
0.71470199999959,0.112414467253177
0.748487999998019,0.112414467253177
0.781870999999342,0.112414467253177
0.807424999997011,0.112414467253177
0.831103000000127,0.10752688172043
0.855399999998497,0.112414467253177
0.890288999997068,0.127077223851417
0.922689000003032,0.117302052785924
0.94844600000232,0.112414467253177
0.972545999996356,0.112414467253177
1.0068350000009,0.10752688172043
1.02266499999911,0.10752688172043
1.05532699999958,0.112414467253177
1.07293900000303,0.10752688172043
1.11487799999864,0.112414467253177
1.14751600000261,0.112414467253177
1.1787199999988,0.10752688172043
1.21304200000316,0.112414467253177
1.24467700000108,0.112414467253177
1.27852399999648,0.112414467253177
1.31081599999965,0.117302052785924
1.33666300000252,0.122189638318671
1.36089500000327,0.131964809384164
1.39462600000203,0.219941348973607
1.42641099999844,0.317693059628543
1.45998900000006,0.342130987292278
1.4836269999966,0.410557184750733
1.51001900000125,0.342130987292278
1.54188599999995,0.356793743890518
1.56793900000304,0.650048875855327
1.60018800000103,0.654936461388074
1.6170019999966,0.581622678396872
1.64974499999732,0.488758553274682
1.67549599999936,0.762463343108504
1.69879399999976,0.899315738025416
1.7325089999959,0.791788856304985
1.75853899999709,0.967741935483871
1.79038499999791,1.73509286412512
1.82453400000185,1.64222873900293
1.84756599999963,3.0058651026393
1.88111900000274,2.23851417399804
1.9139350000024,2.37536656891496
1.94848200000078,2.13587487781036
1.97213399999589,1.88660801564027
2.00621499999613,1.9941348973607
2.03005799999832,2.20918866080156
2.06352499999852,2.05767350928641
2.08757500000297,2.01368523949169
2.12247900000216,1.91593352883675
2.14564699999988,1.66666666666667
2.17114500000326,1.44672531769306
2.19544600000233,1.80351906158358
2.22022900000215,1.96969696969697
2.25410499999671,1.59824046920821
2.26931499999762,1.35874877810362
2.2938430000022,1.20723362658847
2.31991200000047,1.44672531769306
2.34428299999982,1.10459433040078
2.36867099999637,1.17790811339198
2.39415999999642,1.18768328445748
2.42679100000115,1.12414467253177
2.45149300000071,0.92375366568915
2.47586999999731,0.752688172043011
2.50064599999786,0.757575757575758
2.53499300000072,0.752688172043011
2.56705799999833,0.664711632453568
2.60089899999647,0.718475073313783
2.62481099999695,0.654936461388074
2.65811800000071,0.606060606060606
2.68180799999834,0.625610948191593
2.70777700000255,0.625610948191593
2.7316630000025,0.571847507331378
2.76525999999791,0.566959921798631
2.79802700000258,0.488758553274682
2.82432999999821,0.493646138807429
2.85692700000106,0.562072336265885
2.88206099999695,0.513196480938416
2.9058149999976,0.425219941348974
2.92955099999904,0.547409579667644
2.96403100000322,0.400782013685239
2.97961599999667,0.342130987292278
3.01418599999695,0.347018572825024
3.03780399999766,0.268817204301075
3.06412399999797,0.298142717497556
3.10280900000035,0.249266862170088
3.12804200000315,0.278592375366569
3.16153299999982,0.224828934506354
3.19515100000055,0.229716520039101
3.2264450000003,0.229716520039101
3.26087600000201,0.254154447702835
3.28455600000171,0.268817204301075
3.3101080000028,0.249266862170088
3.33452799999714,0.21505376344086
3.36682299999893,0.229716520039101
3.39921000000089,0.20039100684262
3.43332299999892,0.185728250244379
3.46486900000275,0.185728250244379
3.49055600000173,0.180840664711632
3.52329299999772,0.175953079178886
3.54823799999804,0.175953079178886
3.57277300000192,0.156402737047898
3.58969900000096,0.166177908113392
3.61500100000202,0.156402737047898
3.64818900000304,0.136852394916911
3.68087499999999,0.131964809384164
3.70648600000143,0.127077223851417
3.7312419999987,0.131964809384164
3.76385300000013,0.122189638318671
3.79742899999766,0.122189638318671
3.82848399999739,0.122189638318671
3.85404699999839,0.117302052785924
3.86973900000007,0.117302052785924
3.90292000000179,0.122189638318671
3.93757899999619,0.112414467253177
3.96022599999606,0.117302052785924
3.99470499999822,0.112414467253177
4.02726399999858,0.112414467253177
4.06079900000245,0.112414467253177
4.08421899999678,0.112414467253177
4.11799799999594,0.112414467253177
4.14277499999852,0.10752688172043
4.1763350000009,0.117302052785924
4.2087650000006,0.112414467253177
4.24157400000095,0.112414467253177
4.27362299999595,0.112414467253177
4.30749199999869,0.112414467253177
4.33185899999737,0.112414467253177
4.35755499999971,0.112414467253177
4.38987399999797,0.117302052785924
4.42416499999911,0.117302052785924
4.44720799999683,0.117302052785924
4.48166099999844,0.112414467253177
4.51256499999761,0.112414467253177
4.54661299999805,0.117302052785924
4.57066200000048,0.112414467253177
4.60541399999707,0.117302052785924
4.62877799999714,0.112414467253177
4.66262900000066,0.117302052785924
4.67785899999737,0.112414467253177
4.71174499999731,0.112414467253177
4.7438449999988,0.117302052785924
4.76940200000257,0.117302052785924
4.80201699999719,0.117302052785924
4.83521199999748,0.112414467253177
4.87662399999797,0.112414467253177
4.90110000000149,0.112414467253177
4.92521199999749,0.112414467253177
4.94995099999755,0.10752688172043
4.97579200000317,0.117302052785924
4.9920769999996,0.112414467253177
5.01605399999767,0.112414467253177
5.04195899999885,0.112414467253177
5.07450599999726,0.10752688172043
5.10776399999858,0.112414467253177
5.13192400000244,0.112414467253177
5.15911800000072,0.112414467253177
5.19053299999982,0.117302052785924
5.22437500000001,0.112414467253177
5.24750100000202,0.112414467253177
5.28284200000019,0.112414467253177
5.31362099999936,0.112414467253177
5.33927199999988,0.112414467253177
5.37150999999793,0.112414467253177
5.40556400000304,0.112414467253177
5.42862099999934,0.112414467253177
5.4596099999994,0.112414467253177
5.5037739999965,0.10752688172043
5.52886800000073,0.112414467253177
5.55310199999809,0.112414467253177
5.57853700000047,0.112414467253177
5.60369200000167,0.131964809384164
5.62834399999679,0.146627565982405
5.65343100000172,0.136852394916911
5.67846299999951,0.146627565982405
5.6947330000028,0.151515151515152
5.72870899999887,0.180840664711632
5.76124000000209,0.161290322580645
5.78752799999714,0.210166177908113
5.81339400000124,0.249266862170088
5.84436599999665,0.30791788856305
5.86099700000136,0.288367546432063
5.87896599999814,0.303030303030303
5.90343699999897,0.263929618768328
5.93510000000148,0.391006842619746
5.96826099999993,0.30791788856305
5.98577899999916,0.425219941348974
6.01052499999852,0.371456500488759
6.03613899999857,0.400782013685239
6.05966799999774,0.50830889540567
6.09301500000061,0.376344086021505
6.1253699999973,0.493646138807429
6.15069799999893,0.405669599217986
6.18276900000126,0.596285434995112
6.21696899999679,0.669599217986315
6.23993699999897,0.997067448680352
6.25676099999993,0.860215053763441
6.28200299999864,0.659824046920821
6.31483999999614,0.469208211143695
6.34754200000316,0.698924731182796
6.37268400000036,0.8455522971652
6.40688700000197,1.0019550342131
6.42163799999653,1.54936461388074
6.44589400000126,1.62267839687195
6.48037500000001,1.48093841642229
6.51163700000197,1.18768328445748
6.53812799999864,1.58846529814272
6.57087900000064,2.06744868035191
6.59672900000214,1.73020527859238
6.63614699999988,1.29521016617791
6.65314299999923,1.26099706744868
6.67794600000232,1.158357771261
6.7120080000013,1.22189638318671
6.74537900000067,1.68132942326491
6.7683430000022,1.79863147605083
6.8021000000015,1.25122189638319
6.82645199999959,1.20234604105572
6.84290200000257,1.21212121212121
6.87681499999761,1.12903225806452
6.90991099999846,1.02639296187683
6.93527899999916,1.21700879765396
6.97511800000072,0.992179863147605
6.99253199999779,0.884652981427175
7.02546700000019,0.689149560117302
7.05145899999886,0.659824046920821
7.09179100000114,0.640273704789834
7.11729599999637,0.562072336265885
7.14967400000245,0.391006842619746
7.17508200000228,0.425219941348974
7.20705900000036,0.386119257086999
7.24052499999851,0.444770283479961
7.26396599999816,0.317693059628543
7.29844900000094,0.542521994134897
7.32160700000077,0.434995112414467
7.33787900000067,0.439882697947214
7.36519799999894,0.591397849462366
7.39658100000023,0.400782013685239
7.43030900000036,0.434995112414467
7.45339400000125,0.30791788856305
7.47175299999864,0.327468230694037
7.50293100000172,0.298142717497556
7.52726699999721,0.254154447702835
7.56151600000263,0.263929618768328
7.5772349999994,0.30791788856305
7.61174599999936,0.278592375366569
7.64321700000019,0.337243401759531
7.67748900000007,0.298142717497556
7.70855900000035,0.219941348973607
7.7438219999969,0.190615835777126
7.7659450000003,0.312805474095797
7.79208299999684,0.263929618768328
7.82408799999953,0.20039100684262
7.85811299999804,0.175953079178886
7.8816099999994,0.151515151515152
7.90829100000113,0.136852394916911
7.94064100000261,0.141739980449658
7.97454699999838,0.127077223851417
7.99822399999945,0.117302052785924
8.02406000000238,0.117302052785924
8.05607899999617,0.122189638318671
8.09086299999802,0.122189638318671
8.13104299999773,0.117302052785924
8.15615799999983,0.122189638318671
8.1825169999972,0.122189638318671
8.21395499999821,0.117302052785924
8.24583900000155,0.117302052785924
8.27181599999963,0.112414467253177
8.29533999999612,0.112414467253177
8.32890299999713,0.117302052785924
8.36194200000168,0.117302052785924
8.39503999999911,0.127077223851417
8.42714999999851,0.127077223851417
8.45334300000221,0.122189638318671
8.48483600000293,0.156402737047898
8.51832199999691,0.141739980449658
8.5502030000016,0.136852394916911
8.58399599999933,0.127077223851417
8.61627799999715,0.131964809384164
8.64969200000166,0.122189638318671
8.68190299999713,0.117302052785924
8.70787299999594,0.117302052785924
8.73217099999636,0.136852394916911
8.76673499999941,0.127077223851417
8.79734600000083,0.122189638318671
8.82329200000316,0.122189638318671
8.86327000000327,0.122189638318671
8.89663199999927,0.136852394916911
8.92853400000186,0.127077223851417
8.9623999999985,0.117302052785924
8.99434499999882,0.122189638318671
9.02857400000096,0.117302052785924
9.06011999999731,0.117302052785924
9.09499300000073,0.117302052785924
9.11896899999678,0.117302052785924
9.15304999999702,0.117302052785924
9.184986999996,0.112414467253177
9.20270399999617,0.117302052785924
9.22702899999916,0.117302052785924
9.25977799999714,0.117302052785924
9.29468699999899,0.112414467253177
9.30938099999724,0.112414467253177
9.34278299999983,0.117302052785924
9.37560499999671,0.117302052785924
9.4089450000003,0.117302052785924
9.44137399999798,0.117302052785924
9.45873900000007,0.117302052785924
9.48303400000185,0.117302052785924
9.51552199999989,0.112414467253177
9.54251299999655,0.112414467253177
9.5734319999963,0.122189638318671
9.60733799999952,0.117302052785924
9.64028100000323,0.117302052785924
9.66608299999683,0.112414467253177
9.68971599999816,0.117302052785924
9.71446899999677,0.112414467253177
9.74009200000017,0.112414467253177
9.76463099999725,0.112414467253177
9.78123200000078,0.112414467253177
9.81507899999619,0.117302052785924
9.84826500000059,0.161290322580645
9.88464599999784,0.190615835777126
9.91411800000071,0.337243401759531
9.94076699999721,0.342130987292278
9.96487299999595,0.366568914956012
9.99775500000268,0.395894428152493
10.0319039999992,0.410557184750733
10.0582229999974,0.478983382209189
10.081936999999,0.434995112414467
10.1151089999974,0.381231671554252
10.1406099999994,0.386119257086999
10.1669450000003,0.366568914956012
10.1985329999998,0.405669599217986
10.2250879999995,0.728250244379277
10.2564759999961,0.664711632453568
10.272700000003,0.718475073313783
10.307800999999,0.918866080156403
10.3228170000017,0.835777126099707
10.3392599999979,0.835777126099707
10.3562159999981,1.07038123167155
10.3811480000019,1.17790811339198
10.4134799999967,1.3782991202346
10.4389209999964,2.22873900293255
10.4633929999992,2.0772238514174
10.4976389999986,2.22873900293255
10.5301110000014,2.18963831867058
10.5556630000025,1.95014662756598
10.5887679999992,2.04301075268817
10.6150089999959,2.33626588465298
10.6378690000028,2.06744868035191
10.6698530000001,2.44868035190616
10.6965209999979,2.27272727272727
10.7285469999984,2.12121212121212
10.7633339999989,1.59824046920821
10.795811999999,1.80351906158358
10.8282730000019,1.52003910068426
10.8523409999981,1.96480938416422
10.8860890000016,1.72531769305963
10.9106190000028,1.32942326490714
10.9442739999965,1.73998044965787
10.9751939999983,1.78396871945259
11.0107529999986,1.26099706744868
11.0424940000027,1.21212121212121
11.0682449999973,1.05083088954057
11.0919230000004,0.899315738025416
11.1247609999999,0.73802541544477
11.1576159999967,0.532746823069404
11.1918320000023,0.6158357771261
11.215935999997,0.454545454545455
11.249813000001,0.371456500488759
11.2815359999985,0.464320625610948
11.3154029999971,0.410557184750733
11.3317250000015,0.371456500488759
11.3646590000018,0.391006842619746
11.3810349999964,0.342130987292278
11.4138929999992,0.434995112414467
11.4391180000007,0.327468230694037
11.4632920000032,0.30791788856305
11.4969149999991,0.249266862170088
11.5212969999984,0.303030303030303
11.5466269999966,0.283479960899316
11.5719230000004,0.210166177908113
11.5954839999974,0.278592375366569
11.6114619999975,0.224828934506354
11.6372159999981,0.21505376344086
11.6705979999974,0.20039100684262
11.7037239999995,0.180840664711632
11.7275740000009,0.161290322580645
11.753675999999,0.156402737047898
11.7854509999976,0.151515151515152
11.8115930000022,0.156402737047898
11.8437430000007,0.146627565982405
11.8696419999972,0.141739980449658
11.901188000001,0.141739980449658
11.9378610000014,0.151515151515152
11.9740080000013,0.141739980449658
12.0067339999974,0.131964809384164
12.0306410000026,0.122189638318671
12.064310999997,0.122189638318671
12.0969710000008,0.156402737047898
12.1300420000032,0.131964809384164
12.1544670000002,0.127077223851417
12.1878289999962,0.117302052785924
12.2041920000017,0.117302052785924
12.2299329999983,0.122189638318671
12.2483919999972,0.127077223851417
12.2810040000006,0.156402737047898
12.3054020000026,0.141739980449658
12.3375389999971,0.127077223851417
12.361751000002,0.122189638318671
12.398449000001,0.117302052785924
12.4274099999964,0.122189638318671
12.4614820000008,0.122189638318671
12.4932889999971,0.122189638318671
12.5275939999968,0.122189638318671
12.5591489999965,0.112414467253177
12.5926169999987,0.122189638318671
12.6246459999979,0.112414467253177
12.6590340000018,0.117302052785924
12.6825230000019,0.112414467253177
12.6999050000012,0.117302052785924
12.7242739999965,0.112414467253177
12.7484020000026,0.117302052785924
12.7746499999985,0.117302052785924
12.8062739999965,0.112414467253177
12.8407019999996,0.112414467253177
12.8720659999996,0.112414467253177
12.8983500000015,0.112414467253177
12.9306730000004,0.112414467253177
12.946497999996,0.112414467253177
12.9718839999959,0.112414467253177
13.0053659999967,0.112414467253177
13.0384450000003,0.112414467253177
13.0630209999979,0.117302052785924
13.0789619999975,0.117302052785924
13.1140909999982,0.117302052785924
13.1465359999985,0.112414467253177
13.1650490000025,0.117302052785924
13.1874839999974,0.112414467253177
13.2199340000004,0.112414467253177
13.254887000002,0.10752688172043
13.2785960000008,0.112414467253177
13.2963379999995,0.112414467253177
13.3203200000003,0.112414467253177
13.344549999997,0.112414467253177
13.3707730000019,0.112414467253177
13.4020059999973,0.112414467253177
13.436125,0.112414467253177
13.4676319999993,0.112414467253177
13.5031150000021,0.112414467253177
13.5427899999991,0.112414467253177
13.5678039999977,0.112414467253177
13.5924209999964,0.112414467253177
13.617063000001,0.112414467253177
13.642248999998,0.112414467253177
13.6581389999986,0.112414467253177
13.6919240000024,0.112414467253177
13.7181450000033,0.112414467253177
13.7408369999975,0.112414467253177
13.7706569999978,0.112414467253177
13.7992299999967,0.112414467253177
13.8303680000007,0.112414467253177
13.8635179999992,0.112414467253177
13.8887189999968,0.112414467253177
13.922825000003,0.112414467253177
13.9550939999968,0.112414467253177
13.988313000001,0.112414467253177
14.0118699999973,0.112414467253177
14.0315380000025,0.117302052785924
14.0619039999992,0.112414467253177
14.0964289999977,0.112414467253177
14.1286110000014,0.117302052785924
14.1529299999997,0.112414467253177
14.1860899999961,0.112414467253177
14.2117789999992,0.10752688172043
14.2436300000027,0.112414467253177
14.2772920000032,0.112414467253177
14.300800999999,0.112414467253177
14.3266209999993,0.10752688172043
14.3598819999993,0.112414467253177
14.3840129999965,0.112414467253177
14.4103069999963,0.112414467253177
14.4335150000006,0.112414467253177
14.4695139999986,0.112414467253177
14.5085700000003,0.112414467253177
14.5425989999995,0.112414467253177
14.5742810000032,0.112414467253177
14.6081529999971,0.112414467253177
14.6315,0.112414467253177
14.6657239999995,0.112414467253177
14.6895219999999,0.112414467253177
14.7063690000028,0.112414467253177
14.7400410000011,0.102639296187683
14.7735810000002,0.112414467253177
14.8057700000033,0.112414467253177
14.8309170000032,0.112414467253177
14.8629890000001,0.117302052785924
14.8799710000008,0.112414467253177
14.9047210000008,0.112414467253177
14.9204460000023,0.112414467253177
14.9471489999965,0.10752688172043
14.9881089999974,0.112414467253177
